34 2
33 -0.9865025 -1.1032975
0 -1.3984239 0.3791032
32 -1.0026914 -1.1717713
2 -1.0870391 -0.35913855
1 -1.2420554 0.08956072
31 -1.0227207 -1.0422827
3 -1.2894057 0.10452805
23 -1.0111514 -1.3485516
13 -1.1065557 -0.3540545
8 -1.0292395 -0.67837775
29 -0.9846473 -1.3125168
6 -1.742354 0.847309
7 -1.2048683 -0.036450796
27 -0.99929315 -0.99333256
30 -1.0356908 -0.8410771
4 -1.6674293 0.7803423
5 -1.7847902 0.84017485
10 -1.7111839 0.80526024
25 -1.0069684 -1.3046633
19 -1.1534777 -0.23109786
24 -1.0078942 -1.1104641
28 -1.0502009 -0.71587026
26 -1.0055743 -0.945558
16 -2.017587 1.0903522
21 -1.3223069 0.17725164
9 -1.094904 -0.46490964
18 -0.9917038 -0.8916404
14 -0.9527982 -1.0637348
15 -0.94951534 -1.2119397
17 -1.4141773 0.37788007
20 -1.0029237 -0.91486114
22 -0.9669294 -1.1467383
12 -1.361287 0.28128564
11 -1.3065895 0.19986787
